# transform file /output/207494001_OLE_W_94/mri/transforms/cc_up.lta
# created by root on Wed Jun 19 05:31:35 2024

type      = 0 # LINEAR_VOX_TO_VOX
nxforms   = 1
mean      = 129.0000 125.0000 121.0000
sigma     = 10000.0000
1 4 4
9.998216629028320e-01 -1.767058670520782e-02 6.690698675811291e-03 1.395592540502548e-01 
1.767019182443619e-02 9.998440146446228e-01 1.182470296043903e-04 1.672325897216797e+01 
-6.691743154078722e-03 -7.275959348906902e-12 9.999777674674988e-01 7.865948677062988e+00 
0.000000000000000e+00 0.000000000000000e+00 0.000000000000000e+00 1.000000000000000e+00 
src volume info
valid = 1  # volume info valid
filename = /output/207494001_OLE_W_94/mri/norm.mgz
volume = 256 256 256
voxelsize = 1.000000000000000e+00 1.000000000000000e+00 1.000000000000000e+00
xras   = -1.000000000000000e+00 -0.000000000000000e+00 0.000000000000000e+00
yras   = -0.000000000000000e+00 0.000000000000000e+00 -1.000000000000000e+00
zras   = -0.000000000000000e+00 1.000000000000000e+00 0.000000000000000e+00
cras   = -4.882812500000000e-01 4.882812500000000e-01 1.500000000000000e+00
dst volume info
valid = 1  # volume info valid
filename = /output/207494001_OLE_W_94/mri/norm.mgz
volume = 256 256 256
voxelsize = 1.000000000000000e+00 1.000000000000000e+00 1.000000000000000e+00
xras   = -1.000000000000000e+00 -0.000000000000000e+00 0.000000000000000e+00
yras   = -0.000000000000000e+00 0.000000000000000e+00 -1.000000000000000e+00
zras   = -0.000000000000000e+00 1.000000000000000e+00 0.000000000000000e+00
cras   = -4.882812500000000e-01 4.882812500000000e-01 1.500000000000000e+00
